1.0
1.0
1.0
1.0
1.0
1.0
1.0
1.0
1.0
1.0
1.0
1.0
1.0
1.0
0.998
0.998
0.998
0.998
0.998
0.998
0.998
0.998
0.998
0.998
0.998
0.998
0.998
0.998
0.998
0.998
0.998
0.998
0.996
0.996
0.994
0.992
0.992
0.99
0.988
0.988
0.976
0.974
0.964
0.964
0.93
0.924
0.896
0.886
0.882
0.876
0.876
0.874
0.87
0.864
0.862
0.86
0.854
0.838
0.834
0.834
0.812
0.802
0.798
0.784
0.78
0.76
0.742
0.742
0.738
0.736
0.736
0.734
0.732
0.732
0.728
0.724
0.72
0.718
0.714
0.712
0.706
0.704
0.684
0.68
0.674
0.658
0.656
0.65
0.65
0.646
0.642
0.62
0.614
0.61
0.606
0.594
0.586
0.58
0.564
0.522
0.518
0.516
0.502
0.496
0.484
0.482
0.458
0.442
0.436
0.432
0.432
0.418
0.414
0.396
0.38
0.372
0.36
0.36
0.354
0.318
0.31
0.306
0.304
0.298
0.294
0.274
0.266
0.262
0.252
0.242
0.224
0.222
0.22
0.22
0.214
0.212
0.21
0.194
0.192
0.168
0.156
0.144
0.136
0.13
0.104
0.102
0.096
0.094
0.06
0.048
0.046
0.036
0.016
0.012
0.008
0.008
0.006
0.0
0.0
0.0
0.0
0.0
0.0
0.0
0.0
0.0
0.0
0.0
0.0
0.0
0.0
0.0
0.0
0.0
0.0
0.0
0.0
0.0
0.0
0.0
0.0
0.0
0.0
0.0
0.0
0.0
0.0
0.0
0.0
0.0
0.0
0.0
0.0
0.0
0.0
0.0
0.0
0.0
0.0
0.0
0.0
0.0
0.0
0.0
0.0
0.0
0.0
0.0
0.0
0.0
0.0
0.0
0.0
0.0
0.0
0.0
0.0
0.0
